3049
  -OEChem-10051719253D

 38 39  0     0  0  0  0  0  0999 V2000
   -3.9354    2.9061   -0.4362 O   0  0  0  0  0  0  0  0  0  0  0  0
    3.9354    2.9061    0.4362 O   0  0  0  0  0  0  0  0  0  0  0  0
   -0.6861   -1.6074    0.2608 C   0  0  0  0  0  0  0  0  0  0  0  0
    0.6862   -1.6075   -0.2608 C   0  0  0  0  0  0  0  0  0  0  0  0
   -1.5460   -0.4143    0.0769 C   0  0  0  0  0  0  0  0  0  0  0  0
    1.5461   -0.4143   -0.0768 C   0  0  0  0  0  0  0  0  0  0  0  0
   -1.2475   -2.6648    0.8860 C   0  0  0  0  0  0  0  0  0  0  0  0
    1.2472   -2.6650   -0.8857 C   0  0  0  0  0  0  0  0  0  0  0  0
   -1.5626    0.5569    1.0588 C   0  0  0  0  0  0  0  0  0  0  0  0
    1.5626    0.5568   -1.0588 C   0  0  0  0  0  0  0  0  0  0  0  0
   -2.3054   -0.3070   -1.0717 C   0  0  0  0  0  0  0  0  0  0  0  0
    2.3055   -0.3069    1.0717 C   0  0  0  0  0  0  0  0  0  0  0  0
   -2.3711    1.6801    0.8854 C   0  0  0  0  0  0  0  0  0  0  0  0
    2.3713    1.6801   -0.8854 C   0  0  0  0  0  0  0  0  0  0  0  0
   -3.1138    0.8163   -1.2452 C   0  0  0  0  0  0  0  0  0  0  0  0
    3.1138    0.8165    1.2452 C   0  0  0  0  0  0  0  0  0  0  0  0
   -3.1469    1.8099   -0.2667 C   0  0  0  0  0  0  0  0  0  0  0  0
    3.1469    1.8099    0.2665 C   0  0  0  0  0  0  0  0  0  0  0  0
   -2.6426   -2.7754    1.4180 C   0  0  0  0  0  0  0  0  0  0  0  0
    2.6424   -2.7760   -1.4179 C   0  0  0  0  0  0  0  0  0  0  0  0
   -0.6469   -3.5599    1.0421 H   0  0  0  0  0  0  0  0  0  0  0  0
    0.6465   -3.5602   -1.0418 H   0  0  0  0  0  0  0  0  0  0  0  0
   -0.9642    0.4667    1.9613 H   0  0  0  0  0  0  0  0  0  0  0  0
    0.9643    0.4666   -1.9613 H   0  0  0  0  0  0  0  0  0  0  0  0
   -2.2871   -1.0740   -1.8411 H   0  0  0  0  0  0  0  0  0  0  0  0
    2.2871   -1.0738    1.8411 H   0  0  0  0  0  0  0  0  0  0  0  0
   -2.3878    2.4470    1.6552 H   0  0  0  0  0  0  0  0  0  0  0  0
    2.3880    2.4469   -1.6553 H   0  0  0  0  0  0  0  0  0  0  0  0
   -3.7155    0.9120   -2.1450 H   0  0  0  0  0  0  0  0  0  0  0  0
    3.7155    0.9122    2.1449 H   0  0  0  0  0  0  0  0  0  0  0  0
   -2.6057   -2.9796    2.4930 H   0  0  0  0  0  0  0  0  0  0  0  0
   -3.2630   -1.8890    1.2724 H   0  0  0  0  0  0  0  0  0  0  0  0
   -3.1496   -3.6163    0.9336 H   0  0  0  0  0  0  0  0  0  0  0  0
    3.1494   -3.6167   -0.9333 H   0  0  0  0  0  0  0  0  0  0  0  0
    2.6053   -2.9805   -2.4928 H   0  0  0  0  0  0  0  0  0  0  0  0
    3.2628   -1.8895   -1.2726 H   0  0  0  0  0  0  0  0  0  0  0  0
   -3.8350    3.4889    0.3360 H   0  0  0  0  0  0  0  0  0  0  0  0
    3.8351    3.4889   -0.3360 H   0  0  0  0  0  0  0  0  0  0  0  0
  1 17  1  0  0  0  0
  1 37  1  0  0  0  0
  2 18  1  0  0  0  0
  2 38  1  0  0  0  0
  3  4  1  0  0  0  0
  3  5  1  0  0  0  0
  3  7  2  0  0  0  0
  4  6  1  0  0  0  0
  4  8  2  0  0  0  0
  5  9  2  0  0  0  0
  5 11  1  0  0  0  0
  6 10  2  0  0  0  0
  6 12  1  0  0  0  0
  7 19  1  0  0  0  0
  7 21  1  0  0  0  0
  8 20  1  0  0  0  0
  8 22  1  0  0  0  0
  9 13  1  0  0  0  0
  9 23  1  0  0  0  0
 10 14  1  0  0  0  0
 10 24  1  0  0  0  0
 11 15  2  0  0  0  0
 11 25  1  0  0  0  0
 12 16  2  0  0  0  0
 12 26  1  0  0  0  0
 13 17  2  0  0  0  0
 13 27  1  0  0  0  0
 14 18  2  0  0  0  0
 14 28  1  0  0  0  0
 15 17  1  0  0  0  0
 15 29  1  0  0  0  0
 16 18  1  0  0  0  0
 16 30  1  0  0  0  0
 19 31  1  0  0  0  0
 19 32  1  0  0  0  0
 19 33  1  0  0  0  0
 20 34  1  0  0  0  0
 20 35  1  0  0  0  0
 20 36  1  0  0  0  0
M  END
> <DATABASE_ID>
DB00890

> <DATABASE_NAME>
drugbank

> <ORIGINAL_SOURCE>
PUBCHEM

> <ORIGINAL_SOURCE_URL>
https://pubchem.ncbi.nlm.nih.gov/rest/pug/compound/inchikey/NFDFQCUYFHCNBW-UHFFFAOYSA-N/SDF?record_type=3d

> <SMILES>
CC=C(C(=CC)C1=CC=C(O)C=C1)C1=CC=C(O)C=C1

> <INCHI_IDENTIFIER>
InChI=1S/C18H18O2/c1-3-17(13-5-9-15(19)10-6-13)18(4-2)14-7-11-16(20)12-8-14/h3-12,19-20H,1-2H3

> <INCHI_KEY>
NFDFQCUYFHCNBW-UHFFFAOYSA-N

> <FORMULA>
C18H18O2

> <MOLECULAR_WEIGHT>
266.3343

> <EXACT_MASS>
266.13067982

> <JCHEM_ACCEPTOR_COUNT>
2

> <JCHEM_AVERAGE_POLARIZABILITY>
30.302238966883753

> <JCHEM_BIOAVAILABILITY>
1

> <JCHEM_DONOR_COUNT>
2

> <JCHEM_FORMAL_CHARGE>
0

> <JCHEM_GHOSE_FILTER>
1

> <JCHEM_IUPAC>
4-[4-(4-hydroxyphenyl)hexa-2,4-dien-3-yl]phenol

> <ALOGPS_LOGP>
5.18

> <JCHEM_LOGP>
4.831961091333333

> <ALOGPS_LOGS>
-4.33

> <JCHEM_MDDR_LIKE_RULE>
0

> <JCHEM_NUMBER_OF_RINGS>
2

> <JCHEM_PHYSIOLOGICAL_CHARGE>
0

> <JCHEM_PKA>
9.701624901640892

> <JCHEM_PKA_STRONGEST_ACIDIC>
9.099340202888508

> <JCHEM_PKA_STRONGEST_BASIC>
-5.963491272451223

> <JCHEM_POLAR_SURFACE_AREA>
40.46

> <JCHEM_REFRACTIVITY>
84.3572

> <JCHEM_ROTATABLE_BOND_COUNT>
3

> <JCHEM_RULE_OF_FIVE>
1

> <ALOGPS_SOLUBILITY>
1.23e-02 g/l

> <JCHEM_TRADITIONAL_IUPAC>
di(p-oxyphenyl)-2,4-hexadiene

> <JCHEM_VEBER_RULE>
0

$$$$
