126941
  -OEChem-10051719183D

 55 57  0     1  0  0  0  0  0999 V2000
    6.6948   -0.3640   -2.1205 O   0  0  0  0  0  0  0  0  0  0  0  0
    4.0713    2.2752    1.2795 O   0  0  0  0  0  0  0  0  0  0  0  0
    4.5447   -0.1271   -2.8066 O   0  0  0  0  0  0  0  0  0  0  0  0
    4.2195   -4.4354    1.0209 O   0  0  0  0  0  0  0  0  0  0  0  0
    5.7129   -3.2077    2.2085 O   0  0  0  0  0  0  0  0  0  0  0  0
   -2.2037    3.0043    0.4138 N   0  0  3  0  0  0  0  0  0  0  0  0
    3.7291    0.6932   -0.3815 N   0  0  0  0  0  0  0  0  0  0  0  0
   -3.9019    0.7691    0.1760 N   0  0  0  0  0  0  0  0  0  0  0  0
   -3.6940   -0.5736   -2.2347 N   0  0  0  0  0  0  0  0  0  0  0  0
   -4.5686   -2.4846   -1.2627 N   0  0  0  0  0  0  0  0  0  0  0  0
   -5.1941   -2.5150    1.0521 N   0  0  0  0  0  0  0  0  0  0  0  0
   -4.9153   -0.5693    2.3629 N   0  0  0  0  0  0  0  0  0  0  0  0
   -5.4550   -4.4229   -0.2800 N   0  0  0  0  0  0  0  0  0  0  0  0
    5.0924    0.2330   -0.4611 C   0  0  1  0  0  0  0  0  0  0  0  0
    5.3888   -0.9118    0.5153 C   0  0  0  0  0  0  0  0  0  0  0  0
   -0.8319    2.6776    0.4346 C   0  0  0  0  0  0  0  0  0  0  0  0
    4.5906   -2.2029    0.2935 C   0  0  0  0  0  0  0  0  0  0  0  0
   -2.9858    2.8117   -0.7914 C   0  0  0  0  0  0  0  0  0  0  0  0
    1.8821    2.0337    0.4747 C   0  0  0  0  0  0  0  0  0  0  0  0
    3.3275    1.6911    0.4958 C   0  0  0  0  0  0  0  0  0  0  0  0
   -0.2225    2.1543   -0.7057 C   0  0  0  0  0  0  0  0  0  0  0  0
   -0.0844    2.8791    1.5950 C   0  0  0  0  0  0  0  0  0  0  0  0
    5.3769   -0.1094   -1.9090 C   0  0  0  0  0  0  0  0  0  0  0  0
    1.1346    1.8323   -0.6857 C   0  0  0  0  0  0  0  0  0  0  0  0
    1.2725    2.5571    1.6149 C   0  0  0  0  0  0  0  0  0  0  0  0
   -3.4154    1.3764   -0.9173 C   0  0  0  0  0  0  0  0  0  0  0  0
   -2.8464    3.5500    1.5927 C   0  0  0  0  0  0  0  0  0  0  0  0
    4.9106   -3.2966    1.2895 C   0  0  0  0  0  0  0  0  0  0  0  0
   -3.3129    0.7122   -2.1087 C   0  0  0  0  0  0  0  0  0  0  0  0
   -4.2826   -0.5165    0.0483 C   0  0  0  0  0  0  0  0  0  0  0  0
   -4.1834   -1.2067   -1.1618 C   0  0  0  0  0  0  0  0  0  0  0  0
   -4.7965   -1.2314    1.1133 C   0  0  0  0  0  0  0  0  0  0  0  0
   -5.0538   -3.0753   -0.1546 C   0  0  0  0  0  0  0  0  0  0  0  0
    5.7388    1.0833   -0.2088 H   0  0  0  0  0  0  0  0  0  0  0  0
    5.2059   -0.5609    1.5396 H   0  0  0  0  0  0  0  0  0  0  0  0
    6.4586   -1.1542    0.4673 H   0  0  0  0  0  0  0  0  0  0  0  0
    4.8007   -2.5956   -0.7075 H   0  0  0  0  0  0  0  0  0  0  0  0
    3.5185   -1.9915    0.3707 H   0  0  0  0  0  0  0  0  0  0  0  0
    3.0431    0.1981   -0.9419 H   0  0  0  0  0  0  0  0  0  0  0  0
   -3.9031    3.4144   -0.7491 H   0  0  0  0  0  0  0  0  0  0  0  0
   -2.4689    3.1795   -1.6859 H   0  0  0  0  0  0  0  0  0  0  0  0
   -0.7399    1.9851   -1.6421 H   0  0  0  0  0  0  0  0  0  0  0  0
   -0.5121    3.2833    2.5071 H   0  0  0  0  0  0  0  0  0  0  0  0
    1.5778    1.4582   -1.6039 H   0  0  0  0  0  0  0  0  0  0  0  0
    1.8376    2.7170    2.5295 H   0  0  0  0  0  0  0  0  0  0  0  0
   -3.9141    3.7304    1.4235 H   0  0  0  0  0  0  0  0  0  0  0  0
   -2.4056    4.5128    1.8737 H   0  0  0  0  0  0  0  0  0  0  0  0
   -2.7815    2.8552    2.4376 H   0  0  0  0  0  0  0  0  0  0  0  0
   -2.9263    1.1749   -3.0085 H   0  0  0  0  0  0  0  0  0  0  0  0
    6.8808   -0.5696   -3.0614 H   0  0  0  0  0  0  0  0  0  0  0  0
    4.4373   -5.1528    1.6535 H   0  0  0  0  0  0  0  0  0  0  0  0
   -5.2843   -1.1083    3.1363 H   0  0  0  0  0  0  0  0  0  0  0  0
   -4.2775    0.1910    2.5647 H   0  0  0  0  0  0  0  0  0  0  0  0
   -5.8250   -4.9084    0.5254 H   0  0  0  0  0  0  0  0  0  0  0  0
   -5.3663   -4.8869   -1.1735 H   0  0  0  0  0  0  0  0  0  0  0  0
  1 23  1  0  0  0  0
  1 50  1  0  0  0  0
  2 20  2  0  0  0  0
  3 23  2  0  0  0  0
  4 28  1  0  0  0  0
  4 51  1  0  0  0  0
  5 28  2  0  0  0  0
  6 16  1  0  0  0  0
  6 18  1  0  0  0  0
  6 27  1  0  0  0  0
  7 14  1  0  0  0  0
  7 20  1  0  0  0  0
  7 39  1  0  0  0  0
  8 26  1  0  0  0  0
  8 30  2  0  0  0  0
  9 29  1  0  0  0  0
  9 31  2  0  0  0  0
 10 31  1  0  0  0  0
 10 33  2  0  0  0  0
 11 32  2  0  0  0  0
 11 33  1  0  0  0  0
 12 32  1  0  0  0  0
 12 52  1  0  0  0  0
 12 53  1  0  0  0  0
 13 33  1  0  0  0  0
 13 54  1  0  0  0  0
 13 55  1  0  0  0  0
 14 15  1  0  0  0  0
 14 23  1  0  0  0  0
 14 34  1  0  0  0  0
 15 17  1  0  0  0  0
 15 35  1  0  0  0  0
 15 36  1  0  0  0  0
 16 21  2  0  0  0  0
 16 22  1  0  0  0  0
 17 28  1  0  0  0  0
 17 37  1  0  0  0  0
 17 38  1  0  0  0  0
 18 26  1  0  0  0  0
 18 40  1  0  0  0  0
 18 41  1  0  0  0  0
 19 20  1  0  0  0  0
 19 24  2  0  0  0  0
 19 25  1  0  0  0  0
 21 24  1  0  0  0  0
 21 42  1  0  0  0  0
 22 25  2  0  0  0  0
 22 43  1  0  0  0  0
 24 44  1  0  0  0  0
 25 45  1  0  0  0  0
 26 29  2  0  0  0  0
 27 46  1  0  0  0  0
 27 47  1  0  0  0  0
 27 48  1  0  0  0  0
 29 49  1  0  0  0  0
 30 31  1  0  0  0  0
 30 32  1  0  0  0  0
M  END
> <DATABASE_ID>
DB00563

> <DATABASE_NAME>
drugbank

> <ORIGINAL_SOURCE>
PUBCHEM

> <ORIGINAL_SOURCE_URL>
https://pubchem.ncbi.nlm.nih.gov/rest/pug/compound/inchikey/FBOZXECLQNJBKD-ZDUSSCGKSA-N/SDF?record_type=3d

> <SMILES>
CN(CC1=CN=C2N=C(N)N=C(N)C2=N1)C1=CC=C(C=C1)C(=O)N[C@@H](CCC(O)=O)C(O)=O

> <INCHI_IDENTIFIER>
InChI=1S/C20H22N8O5/c1-28(9-11-8-23-17-15(24-11)16(21)26-20(22)27-17)12-4-2-10(3-5-12)18(31)25-13(19(32)33)6-7-14(29)30/h2-5,8,13H,6-7,9H2,1H3,(H,25,31)(H,29,30)(H,32,33)(H4,21,22,23,26,27)/t13-/m0/s1

> <INCHI_KEY>
FBOZXECLQNJBKD-ZDUSSCGKSA-N

> <FORMULA>
C20H22N8O5

> <MOLECULAR_WEIGHT>
454.4393

> <EXACT_MASS>
454.171315854

> <JCHEM_ACCEPTOR_COUNT>
12

> <JCHEM_AVERAGE_POLARIZABILITY>
44.54465846549213

> <JCHEM_BIOAVAILABILITY>
0

> <JCHEM_DONOR_COUNT>
5

> <JCHEM_FORMAL_CHARGE>
0

> <JCHEM_GHOSE_FILTER>
1

> <JCHEM_IUPAC>
(2S)-2-[(4-{[(2,4-diaminopteridin-6-yl)methyl](methyl)amino}phenyl)formamido]pentanedioic acid

> <ALOGPS_LOGP>
-0.91

> <JCHEM_LOGP>
-0.5045572642867359

> <ALOGPS_LOGS>
-3.42

> <JCHEM_MDDR_LIKE_RULE>
1

> <JCHEM_NUMBER_OF_RINGS>
3

> <JCHEM_PHYSIOLOGICAL_CHARGE>
-2

> <JCHEM_PKA>
4.142020264150471

> <JCHEM_PKA_STRONGEST_ACIDIC>
3.4097751661593594

> <JCHEM_PKA_STRONGEST_BASIC>
2.8060638406069858

> <JCHEM_POLAR_SURFACE_AREA>
210.53999999999996

> <JCHEM_REFRACTIVITY>
119.2108

> <JCHEM_ROTATABLE_BOND_COUNT>
9

> <JCHEM_RULE_OF_FIVE>
0

> <ALOGPS_SOLUBILITY>
1.71e-01 g/l

> <JCHEM_TRADITIONAL_IUPAC>
methotrexate

> <JCHEM_VEBER_RULE>
0

$$$$
