6323375
  -OEChem-10051719563D

 33 35  0     1  0  0  0  0  0999 V2000
   -2.1388   -0.4209    1.0453 O   0  0  0  0  0  0  0  0  0  0  0  0
   -1.0793    2.3127   -1.0180 O   0  0  0  0  0  0  0  0  0  0  0  0
   -3.4709    2.1501    0.2802 O   0  0  0  0  0  0  0  0  0  0  0  0
   -3.7083   -2.5895    0.2077 O   0  0  0  0  0  0  0  0  0  0  0  0
    4.4395   -1.4317   -0.5600 O   0  0  0  0  0  0  0  0  0  0  0  0
    0.1304   -0.2630    0.3786 N   0  0  3  0  0  0  0  0  0  0  0  0
    1.5685   -1.9065   -0.2471 N   0  0  0  0  0  0  0  0  0  0  0  0
    1.9364    1.5060    0.5479 N   0  0  0  0  0  0  0  0  0  0  0  0
    4.1560    0.7870    0.0368 N   0  0  0  0  0  0  0  0  0  0  0  0
   -1.1030    0.4572    0.5685 C   0  0  1  0  0  0  0  0  0  0  0  0
   -1.5997    1.0259   -0.7514 C   0  0  1  0  0  0  0  0  0  0  0  0
   -3.0994    1.0463   -0.5448 C   0  0  1  0  0  0  0  0  0  0  0  0
   -3.3288   -0.2313    0.2498 C   0  0  1  0  0  0  0  0  0  0  0  0
    0.1416   -1.6822   -0.0256 C   0  0  0  0  0  0  0  0  0  0  0  0
    1.4227    0.2596    0.3260 C   0  0  0  0  0  0  0  0  0  0  0  0
   -3.5142   -1.4619   -0.6278 C   0  0  0  0  0  0  0  0  0  0  0  0
    2.2531   -0.7367   -0.0406 C   0  0  0  0  0  0  0  0  0  0  0  0
    3.7079   -0.5094   -0.2143 C   0  0  0  0  0  0  0  0  0  0  0  0
    3.2863    1.6883    0.3888 C   0  0  0  0  0  0  0  0  0  0  0  0
   -0.9598    1.2413    1.3216 H   0  0  0  0  0  0  0  0  0  0  0  0
   -1.3533    0.3720   -1.5966 H   0  0  0  0  0  0  0  0  0  0  0  0
   -3.6730    1.1161   -1.4726 H   0  0  0  0  0  0  0  0  0  0  0  0
   -4.1666   -0.1425    0.9508 H   0  0  0  0  0  0  0  0  0  0  0  0
   -0.4090   -1.8439   -0.9555 H   0  0  0  0  0  0  0  0  0  0  0  0
   -0.2342   -2.3299    0.7721 H   0  0  0  0  0  0  0  0  0  0  0  0
   -2.6429   -1.6565   -1.2574 H   0  0  0  0  0  0  0  0  0  0  0  0
   -4.3948   -1.3482   -1.2679 H   0  0  0  0  0  0  0  0  0  0  0  0
    1.9893   -2.7441   -0.6229 H   0  0  0  0  0  0  0  0  0  0  0  0
   -0.1133    2.2295   -1.0873 H   0  0  0  0  0  0  0  0  0  0  0  0
   -3.0507    2.0508    1.1507 H   0  0  0  0  0  0  0  0  0  0  0  0
    1.3059    2.2495    0.8223 H   0  0  0  0  0  0  0  0  0  0  0  0
   -3.8327   -3.3591   -0.3735 H   0  0  0  0  0  0  0  0  0  0  0  0
    3.6060    2.7221    0.5931 H   0  0  0  0  0  0  0  0  0  0  0  0
  1 10  1  0  0  0  0
  1 13  1  0  0  0  0
  2 11  1  0  0  0  0
  2 29  1  0  0  0  0
  3 12  1  0  0  0  0
  3 30  1  0  0  0  0
  4 16  1  0  0  0  0
  4 32  1  0  0  0  0
  5 18  2  0  0  0  0
  6 10  1  0  0  0  0
  6 14  1  0  0  0  0
  6 15  1  0  0  0  0
  7 14  1  0  0  0  0
  7 17  1  0  0  0  0
  7 28  1  0  0  0  0
  8 15  1  0  0  0  0
  8 19  1  0  0  0  0
  8 31  1  0  0  0  0
  9 18  1  0  0  0  0
  9 19  2  0  0  0  0
 10 11  1  0  0  0  0
 10 20  1  0  0  0  0
 11 12  1  0  0  0  0
 11 21  1  0  0  0  0
 12 13  1  0  0  0  0
 12 22  1  0  0  0  0
 13 16  1  0  0  0  0
 13 23  1  0  0  0  0
 14 24  1  0  0  0  0
 14 25  1  0  0  0  0
 15 17  2  0  0  0  0
 16 26  1  0  0  0  0
 16 27  1  0  0  0  0
 17 18  1  0  0  0  0
 19 33  1  0  0  0  0
M  END
> <DATABASE_ID>
DB02472

> <DATABASE_NAME>
drugbank

> <ORIGINAL_SOURCE>
PUBCHEM

> <ORIGINAL_SOURCE_URL>
https://pubchem.ncbi.nlm.nih.gov/rest/pug/compound/inchikey/ZWTNXGIZBOQCAJ-KQYNXXCUSA-N/SDF?record_type=3d

> <SMILES>
[H][C@]1(CO)O[C@@]([H])(N2CNC3=C2N=CN=C3O)[C@]([H])(O)[C@]1([H])O

> <INCHI_IDENTIFIER>
InChI=1S/C10H14N4O5/c15-1-4-6(16)7(17)10(19-4)14-3-13-5-8(14)11-2-12-9(5)18/h2,4,6-7,10,13,15-17H,1,3H2,(H,11,12,18)/t4-,6-,7-,10-/m1/s1

> <INCHI_KEY>
ZWTNXGIZBOQCAJ-KQYNXXCUSA-N

> <FORMULA>
C10H14N4O5

> <MOLECULAR_WEIGHT>
270.242

> <EXACT_MASS>
270.096419578

> <JCHEM_ACCEPTOR_COUNT>
9

> <JCHEM_AVERAGE_POLARIZABILITY>
24.932769172303303

> <JCHEM_BIOAVAILABILITY>
1

> <JCHEM_DONOR_COUNT>
5

> <JCHEM_FORMAL_CHARGE>
0

> <JCHEM_GHOSE_FILTER>
0

> <JCHEM_IUPAC>
(2R,3R,4S,5R)-2-(6-hydroxy-8,9-dihydro-7H-purin-9-yl)-5-(hydroxymethyl)oxolane-3,4-diol

> <ALOGPS_LOGP>
-1.55

> <JCHEM_LOGP>
-1.3291440279999995

> <ALOGPS_LOGS>
-0.94

> <JCHEM_MDDR_LIKE_RULE>
0

> <JCHEM_NUMBER_OF_RINGS>
3

> <JCHEM_PHYSIOLOGICAL_CHARGE>
0

> <JCHEM_PKA>
13.007352635919798

> <JCHEM_PKA_STRONGEST_ACIDIC>
12.387987548138462

> <JCHEM_PKA_STRONGEST_BASIC>
1.7933672979450384

> <JCHEM_POLAR_SURFACE_AREA>
131.20000000000002

> <JCHEM_REFRACTIVITY>
64.4927

> <JCHEM_ROTATABLE_BOND_COUNT>
2

> <JCHEM_RULE_OF_FIVE>
1

> <ALOGPS_SOLUBILITY>
3.14e+01 g/l

> <JCHEM_TRADITIONAL_IUPAC>
(2R,3R,4S,5R)-2-(6-hydroxy-7,8-dihydropurin-9-yl)-5-(hydroxymethyl)oxolane-3,4-diol

> <JCHEM_VEBER_RULE>
0

$$$$
