5287958
  -OEChem-10051720073D

 71 75  0     1  0  0  0  0  0999 V2000
    3.2282    3.0231   -1.0121 P   0  0  1  0  0  0  0  0  0  0  0  0
    3.5975    2.1007    1.7766 P   0  0  1  0  0  0  0  0  0  0  0  0
    0.9593   -0.8096   -3.3603 O   0  0  0  0  0  0  0  0  0  0  0  0
   -0.2526    0.7436    3.2272 O   0  0  0  0  0  0  0  0  0  0  0  0
   -0.9422    1.3823   -4.2975 O   0  0  0  0  0  0  0  0  0  0  0  0
   -2.3619    0.1244   -2.3513 O   0  0  0  0  0  0  0  0  0  0  0  0
   -0.3278   -2.1640    4.1816 O   0  0  0  0  0  0  0  0  0  0  0  0
   -2.0087   -2.1467    2.0322 O   0  0  0  0  0  0  0  0  0  0  0  0
    2.2313    2.3720   -2.1077 O   0  0  0  0  0  0  0  0  0  0  0  0
    2.4104    1.4253    2.6775 O   0  0  0  0  0  0  0  0  0  0  0  0
    2.7693    2.3712    0.3952 O   0  0  0  0  0  0  0  0  0  0  0  0
    4.6555    2.3168   -1.2981 O   0  0  0  0  0  0  0  0  0  0  0  0
    3.2706    4.5238   -1.0144 O   0  0  0  0  0  0  0  0  0  0  0  0
    3.9829    3.4368    2.3744 O   0  5  0  0  0  0  0  0  0  0  0  0
    4.6482    1.0451    1.5089 O   0  0  0  0  0  0  0  0  0  0  0  0
   -6.2383    1.1315    0.9759 O   0  0  0  0  0  0  0  0  0  0  0  0
   -0.3771   -2.3545   -2.1529 N   0  0  0  0  0  0  0  0  0  0  0  0
   -1.0625   -4.2857   -1.2754 N   0  0  0  0  0  0  0  0  0  0  0  0
   -1.9091    2.7124   -0.0259 N   0  3  0  0  0  0  0  0  0  0  0  0
    1.7377   -2.0940   -0.9867 N   0  0  0  0  0  0  0  0  0  0  0  0
    2.1450   -3.9565    0.5369 N   0  0  0  0  0  0  0  0  0  0  0  0
    0.6048   -5.7708    0.7885 N   0  0  0  0  0  0  0  0  0  0  0  0
   -6.0083    2.7393   -0.6430 N   0  0  0  0  0  0  0  0  0  0  0  0
   -0.2797    1.1987   -3.0463 C   0  0  1  0  0  0  0  0  0  0  0  0
   -0.9515    0.0775   -2.2784 C   0  0  2  0  0  0  0  0  0  0  0  0
    1.1110    0.6278   -3.3052 C   0  0  1  0  0  0  0  0  0  0  0  0
   -0.3877   -1.1493   -2.9790 C   0  0  1  0  0  0  0  0  0  0  0  0
    0.1699   -1.5804    2.9778 C   0  0  1  0  0  0  0  0  0  0  0  0
   -0.9696   -1.1886    2.0575 C   0  0  2  0  0  0  0  0  0  0  0  0
    0.8083   -0.2346    3.2970 C   0  0  1  0  0  0  0  0  0  0  0  0
   -1.4293    0.1367    2.6542 C   0  0  2  0  0  0  0  0  0  0  0  0
    2.1051    0.9635   -2.2024 C   0  0  0  0  0  0  0  0  0  0  0  0
    1.8900    0.1623    2.3018 C   0  0  0  0  0  0  0  0  0  0  0  0
   -2.0845    1.0445    1.6391 C   0  0  0  0  0  0  0  0  0  0  0  0
    0.5963   -2.7373   -1.2747 C   0  0  0  0  0  0  0  0  0  0  0  0
   -1.3521   -3.3159   -2.1175 C   0  0  0  0  0  0  0  0  0  0  0  0
   -3.4642    1.0283    1.4574 C   0  0  0  0  0  0  0  0  0  0  0  0
   -1.3193    1.9107    0.8713 C   0  0  0  0  0  0  0  0  0  0  0  0
    0.1527   -3.9370   -0.7416 C   0  0  0  0  0  0  0  0  0  0  0  0
   -4.0498    1.8720    0.5182 C   0  0  0  0  0  0  0  0  0  0  0  0
    0.9757   -4.5507    0.1974 C   0  0  0  0  0  0  0  0  0  0  0  0
   -3.2348    2.7173   -0.2212 C   0  0  0  0  0  0  0  0  0  0  0  0
    2.4489   -2.7824   -0.0674 C   0  0  0  0  0  0  0  0  0  0  0  0
   -5.4878    1.8701    0.3125 C   0  0  0  0  0  0  0  0  0  0  0  0
   -0.3027    2.1557   -2.5189 H   0  0  0  0  0  0  0  0  0  0  0  0
   -0.6473    0.0974   -1.2273 H   0  0  0  0  0  0  0  0  0  0  0  0
    1.5039    0.9647   -4.2713 H   0  0  0  0  0  0  0  0  0  0  0  0
   -0.9461   -1.3978   -3.8902 H   0  0  0  0  0  0  0  0  0  0  0  0
    0.8531   -2.3041    2.5280 H   0  0  0  0  0  0  0  0  0  0  0  0
   -0.5960   -1.0490    1.0368 H   0  0  0  0  0  0  0  0  0  0  0  0
    1.2074   -0.1929    4.3167 H   0  0  0  0  0  0  0  0  0  0  0  0
   -2.1291   -0.0286    3.4838 H   0  0  0  0  0  0  0  0  0  0  0  0
    3.0787    0.5139   -2.4243 H   0  0  0  0  0  0  0  0  0  0  0  0
    1.7741    0.5672   -1.2382 H   0  0  0  0  0  0  0  0  0  0  0  0
    1.4876    0.2403    1.2877 H   0  0  0  0  0  0  0  0  0  0  0  0
    2.6981   -0.5755    2.3091 H   0  0  0  0  0  0  0  0  0  0  0  0
   -0.4645    2.0793   -4.7789 H   0  0  0  0  0  0  0  0  0  0  0  0
   -2.6364    1.0401   -2.1814 H   0  0  0  0  0  0  0  0  0  0  0  0
    0.4377   -2.3512    4.7514 H   0  0  0  0  0  0  0  0  0  0  0  0
   -1.6206   -2.9891    1.7403 H   0  0  0  0  0  0  0  0  0  0  0  0
   -2.2463   -3.2556   -2.7227 H   0  0  0  0  0  0  0  0  0  0  0  0
   -4.0733    0.3520    2.0519 H   0  0  0  0  0  0  0  0  0  0  0  0
   -0.2441    2.0018    0.9266 H   0  0  0  0  0  0  0  0  0  0  0  0
   -1.3276    3.3406   -0.5798 H   0  0  0  0  0  0  0  0  0  0  0  0
   -3.5462    3.4184   -0.9786 H   0  0  0  0  0  0  0  0  0  0  0  0
    3.3911   -2.3339    0.2290 H   0  0  0  0  0  0  0  0  0  0  0  0
    5.4515    2.6508   -0.8321 H   0  0  0  0  0  0  0  0  0  0  0  0
    1.2195   -6.1967    1.4688 H   0  0  0  0  0  0  0  0  0  0  0  0
   -0.2676   -6.2158    0.5375 H   0  0  0  0  0  0  0  0  0  0  0  0
   -7.0104    2.7644   -0.8036 H   0  0  0  0  0  0  0  0  0  0  0  0
   -5.4652    3.3721   -1.2171 H   0  0  0  0  0  0  0  0  0  0  0  0
  1  9  1  0  0  0  0
  1 11  1  0  0  0  0
  1 12  1  0  0  0  0
  1 13  2  0  0  0  0
  2 10  1  0  0  0  0
  2 11  1  0  0  0  0
  2 14  1  0  0  0  0
  2 15  2  0  0  0  0
  3 26  1  0  0  0  0
  3 27  1  0  0  0  0
  4 30  1  0  0  0  0
  4 31  1  0  0  0  0
  5 24  1  0  0  0  0
  5 57  1  0  0  0  0
  6 25  1  0  0  0  0
  6 58  1  0  0  0  0
  7 28  1  0  0  0  0
  7 59  1  0  0  0  0
  8 29  1  0  0  0  0
  8 60  1  0  0  0  0
  9 32  1  0  0  0  0
 10 33  1  0  0  0  0
 12 67  1  0  0  0  0
 16 44  2  0  0  0  0
 17 27  1  0  0  0  0
 17 35  1  0  0  0  0
 17 36  1  0  0  0  0
 18 36  2  0  0  0  0
 18 39  1  0  0  0  0
 19 38  2  0  0  0  0
 19 42  1  0  0  0  0
 19 64  1  0  0  0  0
 20 35  2  0  0  0  0
 20 43  1  0  0  0  0
 21 41  1  0  0  0  0
 21 43  2  0  0  0  0
 22 41  1  0  0  0  0
 22 68  1  0  0  0  0
 22 69  1  0  0  0  0
 23 44  1  0  0  0  0
 23 70  1  0  0  0  0
 23 71  1  0  0  0  0
 24 25  1  0  0  0  0
 24 26  1  0  0  0  0
 24 45  1  0  0  0  0
 25 27  1  0  0  0  0
 25 46  1  0  0  0  0
 26 32  1  0  0  0  0
 26 47  1  0  0  0  0
 27 48  1  0  0  0  0
 28 29  1  0  0  0  0
 28 30  1  0  0  0  0
 28 49  1  0  0  0  0
 29 31  1  0  0  0  0
 29 50  1  0  0  0  0
 30 33  1  0  0  0  0
 30 51  1  0  0  0  0
 31 34  1  0  0  0  0
 31 52  1  0  0  0  0
 32 53  1  0  0  0  0
 32 54  1  0  0  0  0
 33 55  1  0  0  0  0
 33 56  1  0  0  0  0
 34 37  2  0  0  0  0
 34 38  1  0  0  0  0
 35 39  1  0  0  0  0
 36 61  1  0  0  0  0
 37 40  1  0  0  0  0
 37 62  1  0  0  0  0
 38 63  1  0  0  0  0
 39 41  2  0  0  0  0
 40 42  2  0  0  0  0
 40 44  1  0  0  0  0
 42 65  1  0  0  0  0
 43 66  1  0  0  0  0
M  CHG  2  14  -1  19   1
M  END
> <DATABASE_ID>
DB03020

> <DATABASE_NAME>
drugbank

> <ORIGINAL_SOURCE>
PUBCHEM

> <ORIGINAL_SOURCE_URL>
https://pubchem.ncbi.nlm.nih.gov/rest/pug/compound/inchikey/UINNILASBHZOTM-KMXXXSRASA-N/SDF?record_type=3d

> <SMILES>
[H][C@]1(COP(O)(=O)OP(O)(=O)OC[C@@]2([H])O[C@@]([H])(C3=CC(=CN=C3)C(O)=N)[C@]([H])(O)[C@]2([H])O)O[C@@]([H])(N2C=NC3=C(N)N=CN=C23)[C@]([H])(O)[C@]1([H])O

> <INCHI_IDENTIFIER>
InChI=1S/C21H27N7O14P2/c22-18-12-20(26-6-25-18)28(7-27-12)21-16(32)14(30)11(41-21)5-39-44(36,37)42-43(34,35)38-4-10-13(29)15(31)17(40-10)8-1-9(19(23)33)3-24-2-8/h1-3,6-7,10-11,13-17,21,29-32H,4-5H2,(H2,23,33)(H,34,35)(H,36,37)(H2,22,25,26)/t10-,11-,13-,14-,15-,16-,17+,21-/m1/s1

> <INCHI_KEY>
UINNILASBHZOTM-KMXXXSRASA-N

> <FORMULA>
C21H27N7O14P2

> <MOLECULAR_WEIGHT>
663.4251

> <EXACT_MASS>
663.109121631

> <JCHEM_ACCEPTOR_COUNT>
17

> <JCHEM_AVERAGE_POLARIZABILITY>
57.8876528087339

> <JCHEM_BIOAVAILABILITY>
0

> <JCHEM_DONOR_COUNT>
9

> <JCHEM_FORMAL_CHARGE>
0

> <JCHEM_GHOSE_FILTER>
0

> <JCHEM_IUPAC>
5-[(2S,3R,4S,5R)-5-[({[({[(2R,3S,4R,5R)-5-(6-amino-9H-purin-9-yl)-3,4-dihydroxyoxolan-2-yl]methoxy}(hydroxy)phosphoryl)oxy](hydroxy)phosphoryl}oxy)methyl]-3,4-dihydroxyoxolan-2-yl]pyridine-3-carboximidic acid

> <ALOGPS_LOGP>
-1.64

> <JCHEM_LOGP>
-6.681352885229728

> <ALOGPS_LOGS>
-2.26

> <JCHEM_MDDR_LIKE_RULE>
1

> <JCHEM_NUMBER_OF_RINGS>
5

> <JCHEM_PHYSIOLOGICAL_CHARGE>
-1

> <JCHEM_PKA>
3.3442397390204333

> <JCHEM_PKA_STRONGEST_ACIDIC>
2.5806067425258874

> <JCHEM_PKA_STRONGEST_BASIC>
5.871285649816653

> <JCHEM_POLAR_SURFACE_AREA>
328.26000000000005

> <JCHEM_REFRACTIVITY>
152.2343

> <JCHEM_ROTATABLE_BOND_COUNT>
11

> <JCHEM_RULE_OF_FIVE>
0

> <ALOGPS_SOLUBILITY>
3.64e+00 g/l

> <JCHEM_TRADITIONAL_IUPAC>
5-[(2S,3R,4S,5R)-5-{[({[(2R,3S,4R,5R)-5-(6-aminopurin-9-yl)-3,4-dihydroxyoxolan-2-yl]methoxy(hydroxy)phosphoryl}oxy(hydroxy)phosphoryl)oxy]methyl}-3,4-dihydroxyoxolan-2-yl]pyridine-3-carboximidic acid

> <JCHEM_VEBER_RULE>
0

$$$$
