41987
  -OEChem-10051720433D

 36 37  0     0  0  0  0  0  0999 V2000
   -5.9871    0.2787   -0.3311 Br  0  0  0  0  0  0  0  0  0  0  0  0
    2.7167    2.6153    0.0300 N   0  0  0  0  0  0  0  0  0  0  0  0
    1.8934   -2.9937    0.9367 N   0  0  0  0  0  0  0  0  0  0  0  0
    0.1124    0.2306    0.3219 C   0  0  0  0  0  0  0  0  0  0  0  0
    2.1747    1.6226    0.9572 C   0  0  0  0  0  0  0  0  0  0  0  0
    0.7119    1.3810    0.7020 C   0  0  0  0  0  0  0  0  0  0  0  0
   -1.3655    0.2439    0.1643 C   0  0  0  0  0  0  0  0  0  0  0  0
    0.9170   -0.9863    0.0731 C   0  0  0  0  0  0  0  0  0  0  0  0
   -2.1537   -0.0702    1.2516 C   0  0  0  0  0  0  0  0  0  0  0  0
   -1.9010    0.5684   -1.0647 C   0  0  0  0  0  0  0  0  0  0  0  0
    2.5662    2.1598   -1.3516 C   0  0  0  0  0  0  0  0  0  0  0  0
    4.1230    2.8811    0.3302 C   0  0  0  0  0  0  0  0  0  0  0  0
    1.4161   -1.2369   -1.1845 C   0  0  0  0  0  0  0  0  0  0  0  0
    1.1665   -1.8650    1.0958 C   0  0  0  0  0  0  0  0  0  0  0  0
   -3.5406   -0.0595    1.1032 C   0  0  0  0  0  0  0  0  0  0  0  0
   -3.2879    0.5793   -1.2132 C   0  0  0  0  0  0  0  0  0  0  0  0
   -4.1078    0.2654   -0.1291 C   0  0  0  0  0  0  0  0  0  0  0  0
    2.1688   -2.3882   -1.3876 C   0  0  0  0  0  0  0  0  0  0  0  0
    2.3770   -3.2264   -0.3042 C   0  0  0  0  0  0  0  0  0  0  0  0
    2.2610    1.9992    1.9847 H   0  0  0  0  0  0  0  0  0  0  0  0
    2.7592    0.6961    0.9199 H   0  0  0  0  0  0  0  0  0  0  0  0
    0.0832    2.2563    0.8737 H   0  0  0  0  0  0  0  0  0  0  0  0
   -1.7229   -0.3245    2.2160 H   0  0  0  0  0  0  0  0  0  0  0  0
   -1.2719    0.8150   -1.9155 H   0  0  0  0  0  0  0  0  0  0  0  0
    1.5169    2.0757   -1.6523 H   0  0  0  0  0  0  0  0  0  0  0  0
    3.0713    1.2044   -1.5313 H   0  0  0  0  0  0  0  0  0  0  0  0
    3.0035    2.8959   -2.0371 H   0  0  0  0  0  0  0  0  0  0  0  0
    4.5171    3.6605   -0.3314 H   0  0  0  0  0  0  0  0  0  0  0  0
    4.7475    1.9871    0.2194 H   0  0  0  0  0  0  0  0  0  0  0  0
    4.2344    3.2548    1.3542 H   0  0  0  0  0  0  0  0  0  0  0  0
    1.2311   -0.5665   -2.0185 H   0  0  0  0  0  0  0  0  0  0  0  0
    0.7936   -1.7054    2.1024 H   0  0  0  0  0  0  0  0  0  0  0  0
   -4.1653   -0.3068    1.9578 H   0  0  0  0  0  0  0  0  0  0  0  0
   -3.7137    0.8344   -2.1802 H   0  0  0  0  0  0  0  0  0  0  0  0
    2.5783   -2.6227   -2.3635 H   0  0  0  0  0  0  0  0  0  0  0  0
    2.9570   -4.1373   -0.4103 H   0  0  0  0  0  0  0  0  0  0  0  0
  1 17  1  0  0  0  0
  2  5  1  0  0  0  0
  2 11  1  0  0  0  0
  2 12  1  0  0  0  0
  3 14  1  0  0  0  0
  3 19  2  0  0  0  0
  4  6  2  0  0  0  0
  4  7  1  0  0  0  0
  4  8  1  0  0  0  0
  5  6  1  0  0  0  0
  5 20  1  0  0  0  0
  5 21  1  0  0  0  0
  6 22  1  0  0  0  0
  7  9  2  0  0  0  0
  7 10  1  0  0  0  0
  8 13  1  0  0  0  0
  8 14  2  0  0  0  0
  9 15  1  0  0  0  0
  9 23  1  0  0  0  0
 10 16  2  0  0  0  0
 10 24  1  0  0  0  0
 11 25  1  0  0  0  0
 11 26  1  0  0  0  0
 11 27  1  0  0  0  0
 12 28  1  0  0  0  0
 12 29  1  0  0  0  0
 12 30  1  0  0  0  0
 13 18  2  0  0  0  0
 13 31  1  0  0  0  0
 14 32  1  0  0  0  0
 15 17  2  0  0  0  0
 15 33  1  0  0  0  0
 16 17  1  0  0  0  0
 16 34  1  0  0  0  0
 18 19  1  0  0  0  0
 18 35  1  0  0  0  0
 19 36  1  0  0  0  0
M  END
> <DATABASE_ID>
DB04832

> <DATABASE_NAME>
drugbank

> <ORIGINAL_SOURCE>
PUBCHEM

> <ORIGINAL_SOURCE_URL>
https://pubchem.ncbi.nlm.nih.gov/rest/pug/compound/inchikey/OYPPVKRFBIWMSX-UHFFFAOYSA-N/SDF?record_type=3d

> <SMILES>
CN(C)CC=C(C1=CC=C(Br)C=C1)C1=CN=CC=C1

> <INCHI_IDENTIFIER>
InChI=1S/C16H17BrN2/c1-19(2)11-9-16(14-4-3-10-18-12-14)13-5-7-15(17)8-6-13/h3-10,12H,11H2,1-2H3

> <INCHI_KEY>
OYPPVKRFBIWMSX-UHFFFAOYSA-N

> <FORMULA>
C16H17BrN2

> <MOLECULAR_WEIGHT>
317.224

> <EXACT_MASS>
316.057511201

> <JCHEM_ACCEPTOR_COUNT>
2

> <JCHEM_AVERAGE_POLARIZABILITY>
30.95537600679925

> <JCHEM_BIOAVAILABILITY>
1

> <JCHEM_DONOR_COUNT>
0

> <JCHEM_FORMAL_CHARGE>
0

> <JCHEM_GHOSE_FILTER>
1

> <JCHEM_IUPAC>
[3-(4-bromophenyl)-3-(pyridin-3-yl)prop-2-en-1-yl]dimethylamine

> <ALOGPS_LOGP>
3.39

> <JCHEM_LOGP>
3.5088370323333335

> <ALOGPS_LOGS>
-4.12

> <JCHEM_MDDR_LIKE_RULE>
0

> <JCHEM_NUMBER_OF_RINGS>
2

> <JCHEM_PHYSIOLOGICAL_CHARGE>
1

> <JCHEM_PKA_STRONGEST_BASIC>
8.615206433244522

> <JCHEM_POLAR_SURFACE_AREA>
16.130000000000003

> <JCHEM_REFRACTIVITY>
93.93790000000001

> <JCHEM_ROTATABLE_BOND_COUNT>
4

> <JCHEM_RULE_OF_FIVE>
1

> <ALOGPS_SOLUBILITY>
2.39e-02 g/l

> <JCHEM_TRADITIONAL_IUPAC>
zelmid

> <JCHEM_VEBER_RULE>
1

$$$$
