6918670
  -OEChem-10051720453D

 65 68  0     1  0  0  0  0  0999 V2000
   -0.7410    0.1672    1.0330 O   0  0  0  0  0  0  0  0  0  0  0  0
    2.4094   -1.0345   -1.9446 O   0  0  0  0  0  0  0  0  0  0  0  0
   -2.8252   -0.3222   -0.5667 O   0  0  0  0  0  0  0  0  0  0  0  0
   -0.5293   -2.4550    1.9045 O   0  0  0  0  0  0  0  0  0  0  0  0
    1.9606   -4.4510    1.2058 O   0  0  0  0  0  0  0  0  0  0  0  0
   -3.3396   -0.4470    1.6740 O   0  0  0  0  0  0  0  0  0  0  0  0
    3.1217    1.2311   -0.1747 C   0  0  1  0  0  0  0  0  0  0  0  0
    2.2868    2.3553   -0.7790 C   0  0  2  0  0  0  0  0  0  0  0  0
    3.0489    2.5709    0.5055 C   0  0  0  0  0  0  0  0  0  0  0  0
    2.2806    0.0704    0.1980 C   0  0  1  0  0  0  0  0  0  0  0  0
    0.7594    2.3428   -0.7250 C   0  0  0  0  0  0  0  0  0  0  0  0
    0.2305   -0.2601   -1.2332 C   0  0  2  0  0  0  0  0  0  0  0  0
    0.0276    1.2701   -1.6022 C   0  0  2  0  0  0  0  0  0  0  0  0
   -0.4772   -0.8420    0.0633 C   0  0  1  0  0  0  0  0  0  0  0  0
    1.7105   -0.4912   -1.0918 C   0  0  0  0  0  0  0  0  0  0  0  0
    2.2387    2.6480    1.7570 C   0  0  0  0  0  0  0  0  0  0  0  0
    4.2690    3.4274    0.5614 C   0  0  0  0  0  0  0  0  0  0  0  0
    2.6762   -1.1210    0.9714 C   0  0  0  0  0  0  0  0  0  0  0  0
   -0.3504   -1.1861   -2.2793 C   0  0  0  0  0  0  0  0  0  0  0  0
    0.2761   -2.0785    0.7721 C   0  0  1  0  0  0  0  0  0  0  0  0
   -1.8475   -1.3512   -0.4864 C   0  0  2  0  0  0  0  0  0  0  0  0
    0.3554    1.5670   -3.0812 C   0  0  0  0  0  0  0  0  0  0  0  0
    1.7562   -2.0754    1.2410 C   0  0  0  0  0  0  0  0  0  0  0  0
   -1.4913   -1.7613   -1.8798 C   0  0  0  0  0  0  0  0  0  0  0  0
    2.1877   -3.3065    2.0011 C   0  0  0  0  0  0  0  0  0  0  0  0
   -2.3571   -2.6735   -2.6702 C   0  0  0  0  0  0  0  0  0  0  0  0
   -3.2695    0.1761    0.6241 C   0  0  0  0  0  0  0  0  0  0  0  0
   -3.6682    1.6066    0.4565 C   0  0  0  0  0  0  0  0  0  0  0  0
   -4.1492    2.0582   -0.8905 C   0  0  0  0  0  0  0  0  0  0  0  0
   -3.5284    2.3865    1.5444 C   0  0  0  0  0  0  0  0  0  0  0  0
   -3.0213    1.9787    2.8914 C   0  0  0  0  0  0  0  0  0  0  0  0
    4.0376    0.9551   -0.6834 H   0  0  0  0  0  0  0  0  0  0  0  0
    2.6622    2.8122   -1.6870 H   0  0  0  0  0  0  0  0  0  0  0  0
    1.4699    0.4543    0.7965 H   0  0  0  0  0  0  0  0  0  0  0  0
    0.3440    2.2828    0.2800 H   0  0  0  0  0  0  0  0  0  0  0  0
    0.4390    3.3348   -1.0738 H   0  0  0  0  0  0  0  0  0  0  0  0
   -1.0429    1.4813   -1.4892 H   0  0  0  0  0  0  0  0  0  0  0  0
    1.4445    1.9271    1.9391 H   0  0  0  0  0  0  0  0  0  0  0  0
    2.9057    2.5482    2.6232 H   0  0  0  0  0  0  0  0  0  0  0  0
    1.7815    3.6425    1.8327 H   0  0  0  0  0  0  0  0  0  0  0  0
    3.9999    4.4740    0.7394 H   0  0  0  0  0  0  0  0  0  0  0  0
    4.9383    3.1018    1.3646 H   0  0  0  0  0  0  0  0  0  0  0  0
    4.8328    3.3866   -0.3770 H   0  0  0  0  0  0  0  0  0  0  0  0
    3.6993   -1.2052    1.3228 H   0  0  0  0  0  0  0  0  0  0  0  0
    0.0786   -1.3321   -3.2621 H   0  0  0  0  0  0  0  0  0  0  0  0
    0.2072   -2.9204    0.0705 H   0  0  0  0  0  0  0  0  0  0  0  0
   -2.2473   -2.2001    0.0798 H   0  0  0  0  0  0  0  0  0  0  0  0
    1.3824    1.2853   -3.3339 H   0  0  0  0  0  0  0  0  0  0  0  0
   -0.3221    1.0340   -3.7556 H   0  0  0  0  0  0  0  0  0  0  0  0
    0.2357    2.6338   -3.3011 H   0  0  0  0  0  0  0  0  0  0  0  0
   -1.0699   -0.2690    1.8358 H   0  0  0  0  0  0  0  0  0  0  0  0
    1.6225   -3.4073    2.9328 H   0  0  0  0  0  0  0  0  0  0  0  0
    3.2492   -3.2828    2.2703 H   0  0  0  0  0  0  0  0  0  0  0  0
   -3.3579   -2.2459   -2.7857 H   0  0  0  0  0  0  0  0  0  0  0  0
   -2.4486   -3.6414   -2.1676 H   0  0  0  0  0  0  0  0  0  0  0  0
   -1.9491   -2.8507   -3.6705 H   0  0  0  0  0  0  0  0  0  0  0  0
   -0.2879   -1.8792    2.6500 H   0  0  0  0  0  0  0  0  0  0  0  0
    2.5030   -4.3686    0.4026 H   0  0  0  0  0  0  0  0  0  0  0  0
   -4.5075    3.0927   -0.8586 H   0  0  0  0  0  0  0  0  0  0  0  0
   -3.3485    2.0084   -1.6339 H   0  0  0  0  0  0  0  0  0  0  0  0
   -4.9811    1.4315   -1.2280 H   0  0  0  0  0  0  0  0  0  0  0  0
   -3.8100    3.4342    1.4550 H   0  0  0  0  0  0  0  0  0  0  0  0
   -2.7981    2.8808    3.4728 H   0  0  0  0  0  0  0  0  0  0  0  0
   -2.0899    1.4129    2.8455 H   0  0  0  0  0  0  0  0  0  0  0  0
   -3.7822    1.4216    3.4459 H   0  0  0  0  0  0  0  0  0  0  0  0
  1 14  1  0  0  0  0
  1 51  1  0  0  0  0
  2 15  2  0  0  0  0
  3 21  1  0  0  0  0
  3 27  1  0  0  0  0
  4 20  1  0  0  0  0
  4 57  1  0  0  0  0
  5 25  1  0  0  0  0
  5 58  1  0  0  0  0
  6 27  2  0  0  0  0
  7  8  1  0  0  0  0
  7  9  1  0  0  0  0
  7 10  1  0  0  0  0
  7 32  1  0  0  0  0
  8  9  1  0  0  0  0
  8 11  1  0  0  0  0
  8 33  1  0  0  0  0
  9 16  1  0  0  0  0
  9 17  1  0  0  0  0
 10 15  1  0  0  0  0
 10 18  1  0  0  0  0
 10 34  1  0  0  0  0
 11 13  1  0  0  0  0
 11 35  1  0  0  0  0
 11 36  1  0  0  0  0
 12 13  1  0  0  0  0
 12 14  1  0  0  0  0
 12 15  1  0  0  0  0
 12 19  1  0  0  0  0
 13 22  1  0  0  0  0
 13 37  1  0  0  0  0
 14 20  1  0  0  0  0
 14 21  1  0  0  0  0
 16 38  1  0  0  0  0
 16 39  1  0  0  0  0
 16 40  1  0  0  0  0
 17 41  1  0  0  0  0
 17 42  1  0  0  0  0
 17 43  1  0  0  0  0
 18 23  2  0  0  0  0
 18 44  1  0  0  0  0
 19 24  2  0  0  0  0
 19 45  1  0  0  0  0
 20 23  1  0  0  0  0
 20 46  1  0  0  0  0
 21 24  1  0  0  0  0
 21 47  1  0  0  0  0
 22 48  1  0  0  0  0
 22 49  1  0  0  0  0
 22 50  1  0  0  0  0
 23 25  1  0  0  0  0
 24 26  1  0  0  0  0
 25 52  1  0  0  0  0
 25 53  1  0  0  0  0
 26 54  1  0  0  0  0
 26 55  1  0  0  0  0
 26 56  1  0  0  0  0
 27 28  1  0  0  0  0
 28 29  1  0  0  0  0
 28 30  2  0  0  0  0
 29 59  1  0  0  0  0
 29 60  1  0  0  0  0
 29 61  1  0  0  0  0
 30 31  1  0  0  0  0
 30 62  1  0  0  0  0
 31 63  1  0  0  0  0
 31 64  1  0  0  0  0
 31 65  1  0  0  0  0
M  END
> <DATABASE_ID>
DB05013

> <DATABASE_NAME>
drugbank

> <ORIGINAL_SOURCE>
PUBCHEM

> <ORIGINAL_SOURCE_URL>
https://pubchem.ncbi.nlm.nih.gov/rest/pug/compound/inchikey/VDJHFHXMUKFKET-WDUFCVPESA-N/SDF?record_type=3d

> <SMILES>
OCC1=C[C@]2([H])C(=O)[C@]3(C=C(C)[C@H](OC(=O)C(\C)=C/C)[C@@]3(O)[C@@H]1O)[C@H](C)C[C@@]1([H])C(C)(C)[C@@]21[H]

> <INCHI_IDENTIFIER>
InChI=1S/C25H34O6/c1-7-12(2)22(29)31-21-13(3)10-24-14(4)8-17-18(23(17,5)6)16(20(24)28)9-15(11-26)19(27)25(21,24)30/h7,9-10,14,16-19,21,26-27,30H,8,11H2,1-6H3/b12-7-/t14-,16+,17-,18+,19-,21+,24+,25+/m1/s1

> <INCHI_KEY>
VDJHFHXMUKFKET-WDUFCVPESA-N

> <FORMULA>
C25H34O6

> <MOLECULAR_WEIGHT>
430.5339

> <EXACT_MASS>
430.23553882

> <JCHEM_ACCEPTOR_COUNT>
5

> <JCHEM_BIOAVAILABILITY>
1

> <JCHEM_DONOR_COUNT>
3

> <JCHEM_FORMAL_CHARGE>
0

> <JCHEM_GHOSE_FILTER>
1

> <JCHEM_IUPAC>
(1S,4S,5S,6R,9S,10R,12R,14R)-5,6-dihydroxy-7-(hydroxymethyl)-3,11,11,14-tetramethyl-15-oxotetracyclo[7.5.1.0¹,⁵.0¹⁰,¹²]pentadeca-2,7-dien-4-yl (2Z)-2-methylbut-2-enoate

> <ALOGPS_LOGP>
2.49

> <JCHEM_LOGP>
2.505605261

> <ALOGPS_LOGS>
-3.19

> <JCHEM_MDDR_LIKE_RULE>
0

> <JCHEM_NUMBER_OF_RINGS>
4

> <JCHEM_PHYSIOLOGICAL_CHARGE>
0

> <JCHEM_PKA>
13.444218810904726

> <JCHEM_PKA_STRONGEST_ACIDIC>
12.091182222993204

> <JCHEM_PKA_STRONGEST_BASIC>
-2.7637287828251944

> <JCHEM_POLAR_SURFACE_AREA>
104.06

> <JCHEM_REFRACTIVITY>
117.85669999999998

> <JCHEM_ROTATABLE_BOND_COUNT>
4

> <JCHEM_RULE_OF_FIVE>
1

> <ALOGPS_SOLUBILITY>
2.79e-01 g/l

> <JCHEM_TRADITIONAL_IUPAC>
(1S,4S,5S,6R,9S,10R,12R,14R)-5,6-dihydroxy-7-(hydroxymethyl)-3,11,11,14-tetramethyl-15-oxotetracyclo[7.5.1.0¹,⁵.0¹⁰,¹²]pentadeca-2,7-dien-4-yl (2Z)-2-methylbut-2-enoate

> <JCHEM_VEBER_RULE>
0

$$$$
